Free Energy Differences with two states (unevenly distributed): 
[[ 0.         -2.88519909]
 [ 2.88519909  0.        ]]
Free Energy Differences with two states (evenly distributed): 
[[ 0.         -1.77937361]
 [ 1.77937361  0.        ]]
Free Energy Differences with four states (Test #1): 
[[  0.          10.           2.89664554   0.65917047]
 [-10.           0.          -7.10335446  -9.34082953]
 [ -2.89664554   7.10335446   0.          -2.23747508]
 [ -0.65917047   9.34082953   2.23747508   0.        ]]
Free Energy Differences with four states and random, correspondent state swaps (Test #2): 
[[ 0.          8.94043788  2.98780326  1.69237385]
 [-8.94043788  0.         -5.95263462 -7.24806403]
 [-2.98780326  5.95263462  0.         -1.29542941]
 [-1.69237385  7.24806403  1.29542941  0.        ]]
Free Energy Differences with four states and random, non-correspondent state swaps (Test #3): 
[[ 0.          8.94043788  2.98780326  1.69237385]
 [-8.94043788  0.         -5.95263462 -7.24806403]
 [-2.98780326  5.95263462  0.         -1.29542941]
 [-1.69237385  7.24806403  1.29542941  0.        ]]
Weights with two states: 
[[1.00000000e-05 1.50772352e-05]
 [1.00000000e-05 1.67528953e-06]
 [1.00000000e-05 1.67528953e-06]
 ...
 [1.00000000e-05 1.67528953e-06]
 [1.00000000e-05 1.67528953e-06]
 [1.00000000e-05 5.58436706e-07]]
Weights with four states (Test #1): 
[[3.68550366e-07 3.68550366e-07 2.00267253e-05 1.92361740e-05]
 [5.42465220e-07 5.42465220e-07 2.94771161e-05 9.43795344e-06]
 [3.68550366e-07 3.68550366e-07 2.00267253e-05 1.92361740e-05]
 ...
 [1.99909031e-05 1.99909031e-05 1.64393549e-08 1.75453360e-09]
 [1.99909031e-05 1.99909031e-05 1.64393549e-08 1.75453360e-09]
 [1.99909031e-05 1.99909031e-05 1.64393549e-08 1.75453360e-09]]
Weights with four states and random, corespondent state swaps (Test #2): 
[[7.06468116e-07 8.16233973e-08 4.67264855e-06 3.45392599e-05]
 [3.64424634e-07 1.26312329e-07 2.16925253e-05 1.78167378e-05]
 [1.94000074e-10 3.99882580e-05 1.15479337e-08 4.78460072e-14]
 ...
 [2.96789845e-05 1.02869601e-05 2.67356463e-08 7.31969263e-09]
 [8.99500728e-11 6.86727370e-07 3.93126940e-05 4.88641271e-10]
 [8.99500728e-11 6.86727370e-07 3.93126940e-05 4.88641271e-10]]
Weights with four states and random, non-correspondent state swaps (Test #3): 
[[7.06468116e-07 8.16233973e-08 4.67264855e-06 3.45392599e-05]
 [3.64424634e-07 1.26312329e-07 2.16925253e-05 1.78167378e-05]
 [1.94000074e-10 3.99882580e-05 1.15479337e-08 4.78460072e-14]
 ...
 [2.96789845e-05 1.02869601e-05 2.67356463e-08 7.31969263e-09]
 [8.99500728e-11 6.86727370e-07 3.93126940e-05 4.88641271e-10]
 [8.99500728e-11 6.86727370e-07 3.93126940e-05 4.88641271e-10]]
Average fair dice = 35.00702
Average loaded dice = 28.73699
MBAR Average loaded dice = 28.717357590427632
