Free Energy Differences with two states (unevenly distributed): 
[[ 0.         -2.87371302]
 [ 2.87371302  0.        ]]
Free Energy Differences with two states (evenly distributed): 
[[ 0.         -1.78900797]
 [ 1.78900797  0.        ]]
Free Energy Differences with four states (Test #1): 
[[  0.          10.           2.71919411   0.44953237]
 [-10.           0.          -7.28080589  -9.55046763]
 [ -2.71919411   7.28080589   0.          -2.26966174]
 [ -0.44953237   9.55046763   2.26966174   0.        ]]
Free Energy Differences with four states and random, correspondent state swaps (Test #2): 
[[ 0.          8.90972755  3.26798882  1.92809474]
 [-8.90972755  0.         -5.64173873 -6.98163281]
 [-3.26798882  5.64173873  0.         -1.33989408]
 [-1.92809474  6.98163281  1.33989408  0.        ]]
Free Energy Differences with four states and random, non-correspondent state swaps (Test #3): 
[[ 0.          8.90972755  3.26798882  1.92809474]
 [-8.90972755  0.         -5.64173873 -6.98163281]
 [-3.26798882  5.64173873  0.         -1.33989408]
 [-1.92809474  6.98163281  1.33989408  0.        ]]
Weights with two states: 
[[1.00000000e-05 1.37259332e-04]
 [1.00000000e-05 1.52514117e-05]
 [1.00000000e-05 1.69464295e-06]
 ...
 [1.00000000e-05 5.08386638e-06]
 [1.00000000e-05 5.64887926e-07]
 [1.00000000e-05 1.37259332e-04]]
Weights with four states (Test #1): 
[[9.33702443e-08 9.33702443e-08 4.24869358e-06 3.55645659e-05]
 [6.72368742e-07 6.72368742e-07 1.01985520e-05 2.84567106e-05]
 [1.27893766e-06 1.27893766e-06 1.93990461e-05 1.80430786e-05]
 ...
 [1.99924049e-05 1.99924049e-05 1.37673774e-08 1.42281897e-09]
 [1.99924049e-05 1.99924049e-05 1.37673774e-08 1.42281897e-09]
 [1.99924049e-05 1.99924049e-05 1.37673774e-08 1.42281897e-09]]
Weights with four states and random, corespondent state swaps (Test #2): 
[[2.28444511e-08 7.67858893e-09 1.79955928e-06 3.81699177e-05]
 [1.87572867e-07 6.30479116e-08 4.92537755e-06 3.48240017e-05]
 [4.47024034e-07 1.50255910e-07 1.17381697e-05 2.76645503e-05]
 ...
 [2.99036529e-05 1.00513624e-05 3.56491299e-08 9.33555904e-09]
 [2.99036529e-05 1.00513624e-05 3.56491299e-08 9.33555904e-09]
 [6.82835138e-11 5.05546806e-07 3.94939154e-05 4.69544510e-10]]
Weights with four states and random, non-correspondent state swaps (Test #3): 
[[2.28444511e-08 7.67858893e-09 1.79955928e-06 3.81699177e-05]
 [1.87572867e-07 6.30479116e-08 4.92537755e-06 3.48240017e-05]
 [4.47024034e-07 1.50255910e-07 1.17381697e-05 2.76645503e-05]
 ...
 [2.99036529e-05 1.00513624e-05 3.56491299e-08 9.33555904e-09]
 [2.99036529e-05 1.00513624e-05 3.56491299e-08 9.33555904e-09]
 [6.82835138e-11 5.05546806e-07 3.94939154e-05 4.69544510e-10]]
Average fair dice = 34.95542
Average loaded dice = 28.7201
MBAR Average loaded dice = 28.75057747694817
